830.4
821.7
812.9
803.7
794.7
785.5
798.1
788.9
779.8
770.6
761.6
752.9
744.7
737
729.8
723.2
717
711.3
706.1
701.5
697.5
694.1
691.1
688.4
686.2
684.1
682
680.2
678.7
677.2
675.9
675
674.4
674
673.9
674.2
674.5
674.4
674.1
673.6
672.7
671.6
670.8
670.3
669.9
669.8
669.9
669.7
669.2
668.3
667
665.5
664
662.4
660.7
659.1
657.7
656.2
654.8
653.4
652
650.3
648.7
647.2
645.8
644.6
643.5
642.2
641.2
640.1
638.7
637.4
636.2
634.6
633
631.5
630
628.5
627.2
626
624.5
622.8
620.9
619.1
617.1
615.4
614.2
613.1
611.9
610.8
609.7
608.4
607
605.6
604.3
602.9
601.5
600.3
598.9
597.2
595.6
593.9
592.1
590.7
589.4
588.1
586.8
585.9
584.9
584.1
583.3
582.6
581.6
580.6
579.4
578.2
577
575.8
574.6
573.3
572.1
571.2
570.6
570.6
571.4
573.2
576
580
585.1
591.6
599.3
608.3
618.6
630
642.6
656.3
671.2
687.3
704.5
722.3
740.6
758.9
776.9
794.4
811.7
828.8
845.6
862.1
878
893.2
907.3
920.3
932
942.4
951.6
959.5
966.3
972.2
977.4
981.8
985.4
988.4
990.7
992.2
993.2
993.8
993.9
993.8
993.4
992.6
991.5
990.1
988.3
986.2
984
981.8
979.5
977.1
974.6
971.8
968.9
966
962.9
959.8
956.6
953.2
949.5
945.4
941.2
936.8
931.9
926.7
921.3
915.3
909.1
902.8
896.5
889.9
883
875.7
867.9
859.6
850.8
841.8
832.5
823.2
814
804.8
795.7
786.6
777.6
768.7
760.1
751.7
743.8
736.3
729.2
722.7
716.7
711.2
706.3
701.9
697.8
693.9
690.5
687.5
685
683.1
681.9
680.9
680.2
679.6
678.9
678.3
677.5
676.7
676.1
675.8
675.6
675.7
675.8
675.6
674.9
673.9
672.6
671.1
669.9
668.9
668
667.3
666.5
665.6
664.7
663.5
662.3
661
659.8
658.5
657.2
656
654.4
652.7
651
649.1
647.3
645.7
644.2
642.7
641.3
639.9
638.7
637.5
636.4
635.4
634.3
633.2
632
630.6
629
627.4
625.5
623.5
621.6
619.6
617.5
615.8
614
612.3
610.9
609.7
608.5
607.7
607
606.3
605.6
604.6
603.1
601.3
599.3
597.3
595.5
594
592.6
591.3
589.9
588.6
587.3
586.1
585
584
582.9
581.8
580.5
579.3
578.1
577.2
576.6
576.1
575.6
575
574.5
573.8
573
572.3
571.5
570.5
569.6
569
568.5
568.4
569
570.4
572.6
575.8
580.3
585.8
592.6
600.8
610.4
621.3
633.6
647.1
661.6
676.9
693
709.5
726.6
744.1
762.2
780.8
799.8
819
838.2
856.4
873.4
889.1
903.1
915.5
926.7
936.8
945.7
953.7
960.7
966.6
971.5
975.7
979
981.4
983.3
984.9
985.9
986.6
987.2
987.7
987.8
987.8
987.5
987.1
986.3
985.2
983.8
982.4
980.8
979
977.3
975.5
973.3
970.6
967.4
963.9
960.1
956.1
952.1
948
943.6
939
934.3
929.3
924.1
918.9
913.4
907.4
901
894.1
886.5
878.6
870.6
862.4
853.9
845.3
836.6
827.4
818.1
808.9
799.5
790.4
781.5
772.9
764.3
756.2
748.4
740.7
733.4
726.9
721.1
715.7
711.2
707.5
704.1
700.7
697.6
694.6
691.6
688.9
686.6
684.6
682.9
681.6
680.2
678.9
677.5
676.1
675
674.3
673.8
673.7
673.8
673.7
673.3
672.7
672.1
671.5
670.8
670.1
669.4
668.5
667.4
666.4
665.5
664.7
663.7
662.7
661.4
660
658.3
656.6
655
653.6
652.1
650.6
649.2
647.9
646.6
645.3
644
642.6
640.9
639.2
637.4
635.8
634.3
632.9
631.7
630.4
628.8
627.1
625.3
623.4
621.8
620.6
619.4
618.3
617.1
615.5
613.6
611.7
609.6
607.5
605.4
603.6
601.8
600.3
599
597.8
596.5
595.2
593.9
592.5
591.1
589.9
588.9
587.9
586.9
585.9
584.7
583.5
582.4
581.2
580
578.8
577.5
576
574.5
573
571.6
570.5
569.6
568.8
568.1
567.4
566.7
566
565.6
565.3
565.4
565.7
566.1
566.7
567.2
567.4
567.6
567.9
568.6
570
572.2
575.5
579.9
585.3
591.8
599.7
608.9
619.4
631.5
644.9
659.4
675.1
691.8
709.3
727.5
746.3
765.4
784.4
803
821.1
838.5
855
870.9
886
900.3
913.7
926.1
937.3
947.2
956
963.8
970.7
976.6
981.7
986
989.6
992.1
994.1
995.6
996.4
996.9
997.1
997.1
997
996.8
996.5
996.1
995.6
994.9
993.8
992.5
990.8
988.7
986.3
983.8
981
977.9
974.5
971.1
967.4
963.3
958.9
954.1
948.7
942.9
937
930.9
924.7
918.7
912.8
906.8
900.9
894.8
888.6
882.1
875.1
867.7
859.9
851.5
842.6
833.4
823.9
813.9
803.8
793.8
784.1
775.1
766.9
759.5
752.8
746.4
740.5
734.8
729.4
724.3
719.6
715
710.7
706.9
703.6
700.9
699
697.6
696.4
695.4
694.7
693.9
693.2
692.6
692
691.5
691
690.5
690
689.4
688.9
688.5
688.7
689.2
690.2
691.5
693
693.9
694.2
694
693
691.5
689.9
688.1
686.1
684
681.8
679.3
676.7
674
671.2
668.5
665.8
663.5
661.3
659.4
657.7
655.9
653.6
651.1
648.4
645.9
643.5
641.6
640.2
639.1
637.9
636.6
635.1
633.2
631.2
629
626.7
624.6
622.5
620.3
618.1
616
613.8
611.7
609.8
608.1
606.4
604.8
602.9
600.9
598.8
596.7
594.8
593
591.4
590
588.6
587.2
585.9
584.9
583.9
582.9
582.1
581.5
580.7
580
579.6
579.3
579
578.9
578.7
578.1
577.1
576
574.6
573.3
572.1
571
570
569.1
568.3
567.6
567
566.3
565.5
564.5
563.3
562.2
561.5
561
560.9
561.2
561.5
561.7
561.7
561.6
561.7
562.3
563.6
566
569.4
573.7
578.8
585
592.3
601
611.3
623.1
636.3
650.9
666.5
683.2
700.5
718.1
735.9
753.6
771.1
788.6
806
823
839.8
856
871.4
885.9
899.6
912.1
923.6
934.1
943.1
951.1
957.9
963.8
968.8
973.3
977.3
980.8
983.8
986.3
988.1
989.4
990.3
990.9
991.3
991.6
991.8
991.6
991.2
990.5
989.3
987.8
986.2
984.5
982.7
980.9
978.8
976
972.6
968.6
964.2
959.7
955.4
951.3
947.1
942.8
938.3
933.1
927.3
921.2
915
908.5
901.9
895.3
888.5
881.3
873.6
865.6
857.1
848.3
839.5
831
822.6
814.6
806.8
798.8
790.3
781.4
772.2
763.1
754.4
746.5
739.4
732.8
726.7
720.8
714.9
709.3
703.9
699.2
695.2
691.8
688.8
686.4
684.3
682.5
680.9
679.7
678.6
677.6
676.8
676.1
675.5
675.2
675
674.9
675
674.9
674.6
674.2
673.8
673.4
673.2
672.9
672.6
672
671.2
670
668.7
667.1
665.3
663.5
661.6
659.6
657.7
655.9
654.2
652.7
651.3
650
648.8
647.5
646.1
644.6
643.3
641.8
640.4
638.8
637.2
635.7
634.1
632.7
631.6
630.5
629.1
627.6
625.8
623.7
621.4
619.2
617.1
615.1
613.2
611.3
609.8
608.5
607.4
606.3
605.3
604.1
602.6
601
599.4
597.8
596.3
594.7
593
591.4
589.7
588
586.4
584.9
583.4
582.1
581.1
580.3
579.7
579.1
578.3
577.6
576.6
575.3
573.8
572.4
571
569.8
568.8
568
567
565.7
564.4
563.1
561.8
560.8
560.1
559.5
558.8
558
557
555.6
554.2
553.1
552.2
551.7
551.7
551.8
552
552.2
552.3
552.3
552.3
552.4
553
554.2
556.5
559.7
564.3
569.9
576.8
585
594.8
605.9
618.3
631.8
646.1
661.1
676.7
692.7
709.3
726.2
743.4
760.6
777.8
794.6
810.9
826.6
841.5
855.7
869
881.4
892.8
903
912
919.8
926.8
932.8
938
942.6
946.6
950
952.8
954.9
956.5
957.6
958.3
958.8
958.9
958.8
958.4
957.9
956.9
955.8
954.2
952.3
949.8
947.3
944.7
942.1
939.2
936.2
932.5
928.7
924.5
920.1
916
912
907.8
903.8
899.8
895.5
890.9
886.4
881.1
875.2
869.1
862.5
855.2
848.2
840.5
832.4
824
815.4
806.3
797.7
789
780.4
772
763.7
755.3
747.2
739.4
732
725
718.7
712.5
706.5
700.8
695.5
690.3
685.6
681.9
678.7
675.5
672.7
670.1
667.5
665.5
664
662.9
662
661.1
660
659
658.5
658.3
658.3
658.3
658.1
657.3
656.4
655.8
655.6
655.4
655.6
655.4
654.9
654.3
653.7
653
652.5
651.8
650.4
649.1
647.7
646
644.4
643.3
641.7
640.2
638.8
637.4
635.6
634.2
632.7
631.1
629.7
628.6
627.2
626.1
625.1
623.8
622.2
620.8
619.1
617.2
615.4
613.9
612.4
611
609.9
608.7
607.3
605.9
604.3
602.7
601.1
599.7
598.2
596.9
595.3
593.5
591.7
590
588.1
586.4
584.8
583.5
582.3
581.2
580.3
579.3
578
576.7
575.3
573.7
572.4
571.5
570.8
570.1
569.4
568.6
567.3
566
564.8
563.8
563.1
562.6
561.9
561
559.7
558.5
557.3
556.1
555
553.8
552.5
551.2
550
548.6
547.3
546.2
544.9
543.7
542.7
541.8
540.7
539.7
538.7
537.8
537.2
536.9
536.9
537.1
537.2
537.5
537.8
538.4
539.4
541.1
543.8
547.4
551.9
557.4
563.7
570.8
578.8
587.7
598
609.5
622
635.6
650.1
665.1
680.7
696.7
713.2
730
746.9
763.7
780.1
795.9
811
825.1
838.4
850.8
862.5
873.2
883
891.9
900
907.2
913.5
919
923.7
927.2
929.9
931.9
933
933.6
933.8
933.7
933.3
932.8
932.2
931.5
930.6
929.4
928
926.4
924.5
922.4
920.5
918.5
916.5
914.6
912.5
910
907.1
903.6
899.6
895.3
890.9
886.5
882.2
877.9
873.4
868.4
862.7
856.4
849.5
842
834.4
826.9
819.3
811.8
804.3
796.6
788.4
779.9
771.2
762.4
753.6
745.2
737.4
729.9
722.9
716.4
710.3
704.3
698.6
693.2
688.1
683.2
678.7
674.6
670.9
667.3
664.1
661.2
658.4
655.9
653.9
652
650.3
648.9
647.3
645.9
644.9
644.4
644.4
644.9
645.5
646.1
646.4
646.4
646.2
645.9
645.5
645
644.7
644.6
644.5
644.6
644.7
644.6
644.2
643.5
642.4
641
639.5
637.7
635.9
634.2
632.3
630.6
629
627.4
625.8
624.4
623.2
621.9
620.8
619.7
618.2
616.6
614.8
612.8
610.9
609.2
607.8
606.6
605.7
604.9
603.7
602.3
600.7
598.7
596.8
595.1
593.6
592.1
590.6
589.2
587.5
585.9
584.3
582.7
581.4
580
578.6
577.1
575.4
573.3
571.1
569.1
567.4
566
565.1
564.4
563.4
562.1
560.6
559.1
557.6
556.6
555.7
555
554.3
553.6
552.9
552.1
551.4
550.9
550.2
549.5
548.7
547.7
546.4
545.1
543.8
542.6
541.6
541
540.4
539.9
539.3
538.8
538.3
537.9
537.6
537.2
536.7
535.8
534.9
534
533.1
532.5
532.1
531.6
530.9
530.1
528.9
527.5
526
524.5
523.4
522.9
523.2
524
525.5
527.8
530.9
534.8
539.7
545.9
553.3
561.9
571.6
582.4
594.3
607.2
620.9
635.5
650.6
666.1
682
698.3
714.7
731.1
747.5
763.4
778.9
793.8
808
821.7
834.7
846.6
857.7
867.7
876.5
884.1
890.9
896.7
901.7
906.3
910.6
914.6
918.2
921.3
923.8
925.7
927
927.7
928.3
928.7
928.7
928.4
927.8
926.6
924.9
923.1
921
918.9
916.7
914.4
911.8
909.1
906.1
902.8
899.4
895.6
891.6
887.3
882.9
878.2
873.2
868.1
863
857.6
852.2
846.5
840.4
833.9
827.1
819.9
812.5
805
797.3
789.5
781.5
773.4
765.1
756.8
748.6
740.5
732.7
725.2
718.1
711.3
704.9
698.8
693
687.6
682.4
677.4
672.8
668.5
664.6
661.1
658
655.5
653.6
652.1
650.8
649.8
648.6
647.2
645.7
643.9
642.1
640.6
639.6
639
638.7
638.8
638.6
638.2
637.6
636.8
635.7
634.8
634.2
634
634
634.3
634.5
634.4
634
633.6
632.9
631.9
630.7
629.3
627.7
626.3
625.3
624.5
623.9
623
621.8
620.2
618.6
616.9
615.4
614.1
612.8
611.5
610.2
608.8
607.4
606
604.6
603.2
601.8
600.4
598.9
597.4
595.7
593.7
591.7
589.8
588
586.4
584.9
583.3
581.7
580.1
578.6
577.5
576.4
575.3
574
572.5
570.5
568.4
566.4
564.5
562.8
561.5
560.4
559.5
558.7
558.1
557.3
556.5
555.5
554.2
552.8
551.3
549.8
548.5
547.6
546.9
546.5
546.3
546.1
545.8
545.3
544.6
543.7
542.7
541.7
540.6
539.6
538.7
537.8
536.7
535.5
534.5
533.5
532.6
531.9
531.3
530.7
530.1
529.4
528.7
528
527.1
526.3
525.9
525.6
525.3
525
524.5
523.9
523.6
524
525.5
528.2
532.2
537.3
543.6
550.8
559
568.4
579
591
604.2
618.2
633.2
648.7
664.5
680.8
697.7
714.8
732
749.2
766
781.9
796.9
811.3
825
837.9
850.2
861.7
872
881.1
889
895.9
901.9
907.2
911.9
916
919.5
922.4
924.6
926.3
927.3
927.7
927.6
927.3
926.8
926.3
925.9
925.6
925.2
924.5
923.4
921.6
919.4
916.7
914
911.4
908.8
906.1
903.4
900.6
897.3
893.9
890.4
886.7
882.6
878.4
874.2
869.7
865
860.4
855.3
849.6
843.6
837.1
830.3
823.4
816.6
809.4
802.1
794.5
786.3
777.8
769.3
760.8
752.4
744.3
736.6
728.9
721.3
713.9
706.6
699.5
692.9
686.9
681.3
676.1
671.7
667.5
663.7
660.4
657.6
655
652.8
650.9
648.9
647.2
645.7
644.5
643.4
642.7
642.2
641.8
641.7
641.7
641.7
641.5
641.1
640.6
640.1
639.6
639.2
638.8
638.4
637.9
637.3
636.6
635.9
635.3
634.6
634
633.3
632.3
631.2
630
628.8
627.6
626.4
625.3
624
622.5
620.9
619.3
617.6
615.7
614.1
612.8
611.3
610
609
608.1
607
605.7
604.4
602.8
601.1
599.5
598
596.7
595.7
594.6
593.3
591.8
589.9
587.8
585.7
583.9
582.3
581
579.9
578.7
577.4
576
574.6
573.4
572.3
571.4
570.3
568.9
567.3
565.6
563.8
562.1
560.7
559.6
558.5
557.7
557
556.3
555.4
554.5
553.5
552.3
551.3
550.5
549.7
548.8
547.9
546.8
545.5
544.2
543.1
542.1
541.4
540.6
539.9
539.1
538.2
537
535.9
534.8
533.8
533
532.1
531.2
530.2
529.1
528
527.2
526.8
526.8
527.1
527.7
528
528.2
528.4
528.7
529.5
531.1
533.9
537.8
542.7
548.9
556.3
564.8
574.7
585.8
597.8
610.8
624.9
639.7
655.3
671.7
688.8
706
723.3
740.3
756.8
772.9
788.4
803.3
817.7
831.7
844.9
857.5
869.2
879.8
889.6
898.4
906.2
913
918.9
923.8
927.8
931
933.6
935.5
936.8
937.5
938.1
938.2
938.1
938
937.9
937.3
936.5
935.1
933.3
931.3
929.2
927.3
925.7
924.2
922.7
921
919
916.4
913.4
910
906.1
901.8
897.3
892.9
888.4
884.1
879.9
875.8
871.3
866.3
860.6
854.2
847.1
839.8
832.2
824.6
817
809.2
801.4
793.4
785.2
776.6
767.9
759.1
750.4
742.1
734.4
727.4
720.8
714.4
708.1
701.9
695.9
690.4
685.3
680.6
676.3
672.2
668.4
665.1
662.2
659.6
657.4
655.3
653.5
652
650.8
649.9
649.3
648.8
648.3
647.6
647
646.3
645.5
644.6
643.9
643.4
643.2
643.1
643.2
643.3
643.2
643
642.8
642.8
643
643.8
644.6
645.1
645
644
642.2
639.7
637.1
634.4
632
630
628.4
627.1
626.2
625.4
624.5
623.5
622.3
620.6
618.7
616.6
614.3
612.1
610.3
609
608.1
607.6
607.1
606.3
605.5
604.7
603.8
602.9
602.1
600.9
599.3
597.2
594.8
592.3
589.9
587.9
586
584.1
582.3
580.5
578.4
576.5
574.6
572.6
571
569.6
568.3
567.2
566.2
564.8
563.4
562
560.6
559.4
558.5
557.7
557.2
556.6
556
555.2
554.2
553.1
552.2
551.5
551.1
550.7
550.3
549.7
548.9
548
547.2
546.4
545.8
544.9
544.2
543.5
542.6
541.7
540.8
539.7
538.5
537.5
536.6
535.9
535.4
535
534.4
533.7
532.8
531.7
530.8
530.2
530.2
531.1
533.1
536
539.9
544.9
551.2
558.7
567.5
577.5
588.4
600.1
612.5
625.7
639.6
654.3
669.8
685.8
702.2
719
736
753.1
770
786.8
803
818.4
832.9
846.5
859.2
871.2
882.6
893.4
903.6
912.7
920.8
927.8
933.8
938.8
943.1
946.8
949.8
952.4
954.4
955.8
956.6
956.8
956.3
955.5
954.7
954
953.6
953.4
953.1
952.4
951.4
950.1
948.4
946.2
943.7
940.9
937.5
934
930.5
926.9
923.4
920
916.5
912.6
908.5
904
899.2
894.4
889.4
884.3
879
873.4
867.4
861
854.1
846.8
839.2
831.3
823.2
815.1
806.9
798.5
789.9
781
772.1
763.1
754.5
746.2
738.3
730.8
723.5
716.4
709.6
703
696.9
691.5
686.6
682.2
678.4
675.1
672.1
669.4
667.2
665.1
663
661
659.1
657.4
655.9
654.9
654.4
654.2
654.2
654.3
654.4
654.3
654
653.8
653.5
653.4
653.3
653.2
653.1
652.8
652.2
651.7
651.2
650.6
650.2
649.7
649
648
647
645.9
644.7
643.6
642.7
641.8
640.8
639.7
638.4
636.8
634.7
632.5
630.3
627.9
625.8
623.9
622.1
620.1
618.4
616.7
614.9
613.2
611.8
610.5
609.3
608.1
606.9
605.5
603.8
602
600.3
598.7
597.4
596.5
595.9
595.3
594.3
593.1
591.5
589.5
587.6
585.9
584.4
583
581.8
580.4
579
577.5
575.9
574.1
572.5
570.8
569.3
567.9
566.9
565.8
564.6
563.5
562.2
560.9
559.6
558.4
557.1
555.8
554.5
553.3
552.1
551.1
550.4
549.9
549.5
549.2
549
548.5
547.7
546.7
545.4
544.1
543.1
542.3
541.9
541.6
541.3
540.8
540.4
540
539.7
539.4
539
538.3
537.3
536.2
535.2
534.2
533.5
533
532.9
533.1
534.1
535.9
538.7
542.5
547.2
552.7
558.9
566
574.4
584.3
595.5
607.9
621.3
635.4
650
665.1
681
697.4
714.3
731.7
749.2
766.3
782.9
798.7
813.6
827.7
841.4
854.7
867.8
880.3
892.2
903
912.5
920.8
928
934.2
939.5
944.1
947.9
950.9
953.3
955.2
956.5
957.4
958.2
958.7
958.9
958.9
958.6
957.7
956.6
955.1
953.2
951.4
949.6
947.4
945
942.3
939.2
935.6
931.9
927.9
924
920.1
916.2
912.5
908.7
904.8
900.7
896.3
891.3
885.9
880.1
873.9
867.5
860.9
854.3
847.6
840.8
833.7
826.3
818.5
810.3
802
793.5
784.9
776.6
768.5
760.7
753
745.6
738.3
731
724.1
717.4
711
704.8
699.1
693.8
689
684.7
680.8
677.4
674.3
671.5
668.7
666.2
663.8
661.5
659.6
658
656.8
655.9
655.3
654.6
654
653.2
652.2
651.2
650.3
649.4
648.7
648.3
648.1
648.2
648.6
649.3
649.9
650.3
650.2
649.5
648.3
646.9
645.4
644.1
643
642.3
641.6
641
640.5
639.9
639.1
638.2
637.1
635.9
634.3
632.7
630.8
628.7
626.7
624.9
623.3
621.9
620.8
619.5
618
616.3
614.3
612
609.8
607.9
606
604.4
602.8
601.1
599.5
597.7
595.8
594
592.2
590.4
588.8
587.6
586.3
585.3
584.4
583.7
582.9
582.3
581.4
580.2
579
577.6
576.2
574.9
573.6
572.4
571.1
569.7
568.4
567.3
566.4
565.6
564.9
564
562.8
561.5
560
558.3
556.8
555.3
553.7
552.5
551.6
550.6
549.9
549.4
548.8
548.3
547.8
547.3
546.8
546.1
545.3
544.2
542.9
541.5
540.2
539
537.8
537
536.4
536.2
536.2
536.5
536.6
536.3
535.8
534.9
533.9
533.2